{
 "cells": [
  {
   "cell_type": "markdown",
   "metadata": {},
   "source": [
    "## $4 \\times 4$ 方格世界中采用迭代法的随机策略评估"
   ]
  },
  {
   "cell_type": "markdown",
   "metadata": {},
   "source": [
    "![](https://img-blog.csdnimg.cn/20190304161510556.png)\n",
    "\n",
    "**问题描述**：用动态规划算法通过迭代计算来评估 $4 \\times 4$ 方格世界中的一个随机策略。\n",
    "\n",
    " 已知：\n",
    "\n",
    "- 状态空间 $S$ ：如图所示，$s_1 - s_{14}$ 非终止状态，灰色方格中 $s_0$ 为开始状态，$s_{15}$ 为终止状态。\n",
    "\n",
    "- 行为空间 $A$ ：$\\left\\{ n, e, s, w \\right\\}$ 对于任何非终止状态可以有向**北**、**东**、**南**、**西**移动四个行为。\n",
    "\n",
    "- 转移概率 $P$ ：任何试图离开方格世界的动作，其不导致位置的任何改变；其余条件下将确定地（$100\\%$ 的概率）转移到动作指向的状态。\n",
    "\n",
    "- 即时奖励 $R$ ：任何在非终止状态间的转移得到的即时奖励均为 $-1$ ，进入终止状态即时奖励为 $0$ 。\n",
    "\n",
    "- 衰减系数 $\\gamma$ ：$1.0$\n",
    "\n",
    "- 当前策略 $\\pi$ ：Agent采用随即行动策略，在任何一个非终止状态下有均等的概率采取向任一方向移动这个行为，即 $\\pi\\left(n \\vert \\cdot \\right) = \\pi\\left(e \\vert \\cdot \\right) = \\pi\\left(s \\vert \\cdot \\right) = \\pi\\left(w \\vert \\cdot \\right) = 1/4$ 。\n",
    "\n",
    "**任务**：评估在这个方格世界内给定的策略，即求解在给定策略 $\\pi$ 下，该方格世界里每一个状态的价值。"
   ]
  },
  {
   "cell_type": "code",
   "execution_count": 1,
   "metadata": {
    "execution": {
     "iopub.execute_input": "2022-06-07T12:01:01.784094Z",
     "iopub.status.busy": "2022-06-07T12:01:01.783921Z",
     "iopub.status.idle": "2022-06-07T12:01:01.789287Z",
     "shell.execute_reply": "2022-06-07T12:01:01.788505Z",
     "shell.execute_reply.started": "2022-06-07T12:01:01.784070Z"
    },
    "scrolled": true
   },
   "outputs": [],
   "source": [
    "states = [i for i in range(16)] # 状态空间\r\n",
    "values = [0  for _ in range(16)] # 状态价值\r\n",
    "actions = [\"n\", \"e\", \"s\", \"w\"] # 行为空间\r\n",
    "ds_actions = {\"n\": -4, \"e\": 1, \"s\": 4, \"w\": -1}  # 行为对状态的改变\r\n",
    "\r\n",
    "# 衰减系数\r\n",
    "gamma = 1.00"
   ]
  },
  {
   "cell_type": "code",
   "execution_count": 2,
   "metadata": {
    "execution": {
     "iopub.execute_input": "2022-06-07T12:01:01.791611Z",
     "iopub.status.busy": "2022-06-07T12:01:01.791297Z",
     "iopub.status.idle": "2022-06-07T12:01:01.797169Z",
     "shell.execute_reply": "2022-06-07T12:01:01.796583Z",
     "shell.execute_reply.started": "2022-06-07T12:01:01.791582Z"
    },
    "scrolled": true
   },
   "outputs": [],
   "source": [
    "# 根据当前状态和行为确定下一状态\r\n",
    "def nextState(s, a):\r\n",
    "  next_state = s\r\n",
    "  if (s%4 == 0 and a == \"w\") or (s<4 and a == \"n\") or \\\r\n",
    "     ((s+1)%4 == 0 and a == \"e\") or (s > 11 and a == \"s\"):\r\n",
    "    pass\r\n",
    "  else:\r\n",
    "    ds = ds_actions[a]\r\n",
    "    next_state = s + ds\r\n",
    "  return next_state"
   ]
  },
  {
   "cell_type": "code",
   "execution_count": 3,
   "metadata": {
    "execution": {
     "iopub.execute_input": "2022-06-07T12:01:01.798303Z",
     "iopub.status.busy": "2022-06-07T12:01:01.797911Z",
     "iopub.status.idle": "2022-06-07T12:01:01.802317Z",
     "shell.execute_reply": "2022-06-07T12:01:01.801180Z",
     "shell.execute_reply.started": "2022-06-07T12:01:01.798280Z"
    },
    "scrolled": true
   },
   "outputs": [],
   "source": [
    "# 得到某一状态的即时奖励\r\n",
    "def rewardOf(s):\r\n",
    "  return 0 if s in [0,15] else -1"
   ]
  },
  {
   "cell_type": "code",
   "execution_count": 4,
   "metadata": {
    "execution": {
     "iopub.execute_input": "2022-06-07T12:01:01.803702Z",
     "iopub.status.busy": "2022-06-07T12:01:01.803412Z",
     "iopub.status.idle": "2022-06-07T12:01:01.807553Z",
     "shell.execute_reply": "2022-06-07T12:01:01.806829Z",
     "shell.execute_reply.started": "2022-06-07T12:01:01.803675Z"
    },
    "scrolled": true
   },
   "outputs": [],
   "source": [
    "# 判断某一状态是否为终止状态\r\n",
    "def isTerminateState(s):\r\n",
    "  return s in [0,15]"
   ]
  },
  {
   "cell_type": "code",
   "execution_count": 5,
   "metadata": {
    "execution": {
     "iopub.execute_input": "2022-06-07T12:01:01.811593Z",
     "iopub.status.busy": "2022-06-07T12:01:01.810938Z",
     "iopub.status.idle": "2022-06-07T12:01:01.815667Z",
     "shell.execute_reply": "2022-06-07T12:01:01.814906Z",
     "shell.execute_reply.started": "2022-06-07T12:01:01.811566Z"
    },
    "scrolled": true
   },
   "outputs": [],
   "source": [
    "# 获取某一状态的所有可能的后继状态\r\n",
    "def getSuccessors(s):\r\n",
    "  successors = []\r\n",
    "  if isTerminateState(s):\r\n",
    "    return successors\r\n",
    "  for a in actions:\r\n",
    "    next_state = nextState(s, a)\r\n",
    "    # if s != next_state:\r\n",
    "    successors.append(next_state)\r\n",
    "  return successors"
   ]
  },
  {
   "cell_type": "code",
   "execution_count": 6,
   "metadata": {
    "execution": {
     "iopub.execute_input": "2022-06-07T12:01:01.816951Z",
     "iopub.status.busy": "2022-06-07T12:01:01.816738Z",
     "iopub.status.idle": "2022-06-07T12:01:01.823097Z",
     "shell.execute_reply": "2022-06-07T12:01:01.821451Z",
     "shell.execute_reply.started": "2022-06-07T12:01:01.816928Z"
    },
    "scrolled": true
   },
   "outputs": [],
   "source": [
    "# 根据后继状态的价值更新某一状态的价值\r\n",
    "def updateValue(s):\r\n",
    "  sucessors = getSuccessors(s)\r\n",
    "  newValue = 0  # values[s]\r\n",
    "  num = 4       # len(successors)\r\n",
    "  reward = rewardOf(s)\r\n",
    "  for next_state in sucessors:\r\n",
    "    newValue += 1.00/num * (reward + gamma * values[next_state])\r\n",
    "  return newValue"
   ]
  },
  {
   "cell_type": "code",
   "execution_count": 7,
   "metadata": {
    "execution": {
     "iopub.execute_input": "2022-06-07T12:01:01.824968Z",
     "iopub.status.busy": "2022-06-07T12:01:01.824753Z",
     "iopub.status.idle": "2022-06-07T12:01:01.829231Z",
     "shell.execute_reply": "2022-06-07T12:01:01.828607Z",
     "shell.execute_reply.started": "2022-06-07T12:01:01.824945Z"
    },
    "scrolled": true
   },
   "outputs": [],
   "source": [
    "# 一次迭代\r\n",
    "def performOneIteration():\r\n",
    "  newValues = [0 for _ in range(16)]\r\n",
    "  for s in states:\r\n",
    "    newValues[s] = updateValue(s)\r\n",
    "  global values\r\n",
    "  values = newValues\r\n",
    "  printValue(values)"
   ]
  },
  {
   "cell_type": "code",
   "execution_count": 8,
   "metadata": {
    "execution": {
     "iopub.execute_input": "2022-06-07T12:01:01.830399Z",
     "iopub.status.busy": "2022-06-07T12:01:01.830031Z",
     "iopub.status.idle": "2022-06-07T12:01:01.834738Z",
     "shell.execute_reply": "2022-06-07T12:01:01.834013Z",
     "shell.execute_reply.started": "2022-06-07T12:01:01.830374Z"
    },
    "scrolled": true
   },
   "outputs": [],
   "source": [
    "# 打印状态价值\r\n",
    "def printValue(v):\r\n",
    "  for i in range(16):\r\n",
    "    print('{0:>6.2f}'.format(v[i]),end = \" \")\r\n",
    "    if (i+1)%4 == 0:\r\n",
    "      print(\"\")\r\n",
    "  print()"
   ]
  },
  {
   "cell_type": "code",
   "execution_count": 9,
   "metadata": {
    "execution": {
     "iopub.execute_input": "2022-06-07T12:01:01.836009Z",
     "iopub.status.busy": "2022-06-07T12:01:01.835626Z",
     "iopub.status.idle": "2022-06-07T12:01:02.200111Z",
     "shell.execute_reply": "2022-06-07T12:01:02.199291Z",
     "shell.execute_reply.started": "2022-06-07T12:01:01.835985Z"
    },
    "scrolled": true,
    "tags": []
   },
   "outputs": [
    {
     "name": "stdout",
     "output_type": "stream",
     "text": [
      "Iterate No.0\n",
      "  0.00  -1.00  -1.00  -1.00 \n",
      " -1.00  -1.00  -1.00  -1.00 \n",
      " -1.00  -1.00  -1.00  -1.00 \n",
      " -1.00  -1.00  -1.00   0.00 \n",
      "\n",
      "Iterate No.1\n",
      "  0.00  -1.75  -2.00  -2.00 \n",
      " -1.75  -2.00  -2.00  -2.00 \n",
      " -2.00  -2.00  -2.00  -1.75 \n",
      " -2.00  -2.00  -1.75   0.00 \n",
      "\n",
      "Iterate No.2\n",
      "  0.00  -2.44  -2.94  -3.00 \n",
      " -2.44  -2.88  -3.00  -2.94 \n",
      " -2.94  -3.00  -2.88  -2.44 \n",
      " -3.00  -2.94  -2.44   0.00 \n",
      "\n",
      "Iterate No.3\n",
      "  0.00  -3.06  -3.84  -3.97 \n",
      " -3.06  -3.72  -3.91  -3.84 \n",
      " -3.84  -3.91  -3.72  -3.06 \n",
      " -3.97  -3.84  -3.06   0.00 \n",
      "\n",
      "Iterate No.4\n",
      "  0.00  -3.66  -4.70  -4.91 \n",
      " -3.66  -4.48  -4.78  -4.70 \n",
      " -4.70  -4.78  -4.48  -3.66 \n",
      " -4.91  -4.70  -3.66   0.00 \n",
      "\n",
      "Iterate No.5\n",
      "  0.00  -4.21  -5.51  -5.80 \n",
      " -4.21  -5.22  -5.59  -5.51 \n",
      " -5.51  -5.59  -5.22  -4.21 \n",
      " -5.80  -5.51  -4.21   0.00 \n",
      "\n",
      "Iterate No.6\n",
      "  0.00  -4.73  -6.28  -6.66 \n",
      " -4.73  -5.90  -6.36  -6.28 \n",
      " -6.28  -6.36  -5.90  -4.73 \n",
      " -6.66  -6.28  -4.73   0.00 \n",
      "\n",
      "Iterate No.7\n",
      "  0.00  -5.23  -7.01  -7.47 \n",
      " -5.23  -6.55  -7.09  -7.01 \n",
      " -7.01  -7.09  -6.55  -5.23 \n",
      " -7.47  -7.01  -5.23   0.00 \n",
      "\n",
      "Iterate No.8\n",
      "  0.00  -5.70  -7.70  -8.24 \n",
      " -5.70  -7.16  -7.78  -7.70 \n",
      " -7.70  -7.78  -7.16  -5.70 \n",
      " -8.24  -7.70  -5.70   0.00 \n",
      "\n",
      "Iterate No.9\n",
      "  0.00  -6.14  -8.35  -8.97 \n",
      " -6.14  -7.74  -8.43  -8.35 \n",
      " -8.35  -8.43  -7.74  -6.14 \n",
      " -8.97  -8.35  -6.14   0.00 \n",
      "\n",
      "Iterate No.10\n",
      "  0.00  -6.56  -8.97  -9.66 \n",
      " -6.56  -8.28  -9.04  -8.97 \n",
      " -8.97  -9.04  -8.28  -6.56 \n",
      " -9.66  -8.97  -6.56   0.00 \n",
      "\n",
      "Iterate No.11\n",
      "  0.00  -6.95  -9.56 -10.32 \n",
      " -6.95  -8.80  -9.63  -9.56 \n",
      " -9.56  -9.63  -8.80  -6.95 \n",
      "-10.32  -9.56  -6.95   0.00 \n",
      "\n",
      "Iterate No.12\n",
      "  0.00  -7.33 -10.11 -10.94 \n",
      " -7.33  -9.29 -10.18 -10.11 \n",
      "-10.11 -10.18  -9.29  -7.33 \n",
      "-10.94 -10.11  -7.33   0.00 \n",
      "\n",
      "Iterate No.13\n",
      "  0.00  -7.68 -10.64 -11.53 \n",
      " -7.68  -9.75 -10.70 -10.64 \n",
      "-10.64 -10.70  -9.75  -7.68 \n",
      "-11.53 -10.64  -7.68   0.00 \n",
      "\n",
      "Iterate No.14\n",
      "  0.00  -8.02 -11.14 -12.08 \n",
      " -8.02 -10.19 -11.20 -11.14 \n",
      "-11.14 -11.20 -10.19  -8.02 \n",
      "-12.08 -11.14  -8.02   0.00 \n",
      "\n",
      "Iterate No.15\n",
      "  0.00  -8.34 -11.61 -12.61 \n",
      " -8.34 -10.61 -11.66 -11.61 \n",
      "-11.61 -11.66 -10.61  -8.34 \n",
      "-12.61 -11.61  -8.34   0.00 \n",
      "\n",
      "Iterate No.16\n",
      "  0.00  -8.64 -12.06 -13.11 \n",
      " -8.64 -11.00 -12.11 -12.06 \n",
      "-12.06 -12.11 -11.00  -8.64 \n",
      "-13.11 -12.06  -8.64   0.00 \n",
      "\n",
      "Iterate No.17\n",
      "  0.00  -8.92 -12.48 -13.58 \n",
      " -8.92 -11.37 -12.53 -12.48 \n",
      "-12.48 -12.53 -11.37  -8.92 \n",
      "-13.58 -12.48  -8.92   0.00 \n",
      "\n",
      "Iterate No.18\n",
      "  0.00  -9.19 -12.88 -14.03 \n",
      " -9.19 -11.73 -12.93 -12.88 \n",
      "-12.88 -12.93 -11.73  -9.19 \n",
      "-14.03 -12.88  -9.19   0.00 \n",
      "\n",
      "Iterate No.19\n",
      "  0.00  -9.45 -13.26 -14.45 \n",
      " -9.45 -12.06 -13.30 -13.26 \n",
      "-13.26 -13.30 -12.06  -9.45 \n",
      "-14.45 -13.26  -9.45   0.00 \n",
      "\n",
      "Iterate No.20\n",
      "  0.00  -9.69 -13.62 -14.86 \n",
      " -9.69 -12.38 -13.66 -13.62 \n",
      "-13.62 -13.66 -12.38  -9.69 \n",
      "-14.86 -13.62  -9.69   0.00 \n",
      "\n",
      "Iterate No.21\n",
      "  0.00  -9.92 -13.96 -15.24 \n",
      " -9.92 -12.67 -14.00 -13.96 \n",
      "-13.96 -14.00 -12.67  -9.92 \n",
      "-15.24 -13.96  -9.92   0.00 \n",
      "\n",
      "Iterate No.22\n",
      "  0.00 -10.14 -14.28 -15.60 \n",
      "-10.14 -12.96 -14.32 -14.28 \n",
      "-14.28 -14.32 -12.96 -10.14 \n",
      "-15.60 -14.28 -10.14   0.00 \n",
      "\n",
      "Iterate No.23\n",
      "  0.00 -10.34 -14.58 -15.94 \n",
      "-10.34 -13.23 -14.62 -14.58 \n",
      "-14.58 -14.62 -13.23 -10.34 \n",
      "-15.94 -14.58 -10.34   0.00 \n",
      "\n",
      "Iterate No.24\n",
      "  0.00 -10.54 -14.87 -16.26 \n",
      "-10.54 -13.48 -14.90 -14.87 \n",
      "-14.87 -14.90 -13.48 -10.54 \n",
      "-16.26 -14.87 -10.54   0.00 \n",
      "\n",
      "Iterate No.25\n",
      "  0.00 -10.72 -15.14 -16.56 \n",
      "-10.72 -13.72 -15.17 -15.14 \n",
      "-15.14 -15.17 -13.72 -10.72 \n",
      "-16.56 -15.14 -10.72   0.00 \n",
      "\n",
      "Iterate No.26\n",
      "  0.00 -10.90 -15.40 -16.85 \n",
      "-10.90 -13.95 -15.43 -15.40 \n",
      "-15.40 -15.43 -13.95 -10.90 \n",
      "-16.85 -15.40 -10.90   0.00 \n",
      "\n",
      "Iterate No.27\n",
      "  0.00 -11.06 -15.65 -17.13 \n",
      "-11.06 -14.16 -15.67 -15.65 \n",
      "-15.65 -15.67 -14.16 -11.06 \n",
      "-17.13 -15.65 -11.06   0.00 \n",
      "\n",
      "Iterate No.28\n",
      "  0.00 -11.22 -15.88 -17.39 \n",
      "-11.22 -14.37 -15.90 -15.88 \n",
      "-15.88 -15.90 -14.37 -11.22 \n",
      "-17.39 -15.88 -11.22   0.00 \n",
      "\n",
      "Iterate No.29\n",
      "  0.00 -11.37 -16.10 -17.63 \n",
      "-11.37 -14.56 -16.12 -16.10 \n",
      "-16.10 -16.12 -14.56 -11.37 \n",
      "-17.63 -16.10 -11.37   0.00 \n",
      "\n",
      "Iterate No.30\n",
      "  0.00 -11.51 -16.30 -17.86 \n",
      "-11.51 -14.74 -16.33 -16.30 \n",
      "-16.30 -16.33 -14.74 -11.51 \n",
      "-17.86 -16.30 -11.51   0.00 \n",
      "\n",
      "Iterate No.31\n",
      "  0.00 -11.64 -16.50 -18.08 \n",
      "-11.64 -14.92 -16.52 -16.50 \n",
      "-16.50 -16.52 -14.92 -11.64 \n",
      "-18.08 -16.50 -11.64   0.00 \n",
      "\n",
      "Iterate No.32\n",
      "  0.00 -11.76 -16.69 -18.29 \n",
      "-11.76 -15.08 -16.71 -16.69 \n",
      "-16.69 -16.71 -15.08 -11.76 \n",
      "-18.29 -16.69 -11.76   0.00 \n",
      "\n",
      "Iterate No.33\n",
      "  0.00 -11.88 -16.86 -18.49 \n",
      "-11.88 -15.24 -16.88 -16.86 \n",
      "-16.86 -16.88 -15.24 -11.88 \n",
      "-18.49 -16.86 -11.88   0.00 \n",
      "\n",
      "Iterate No.34\n",
      "  0.00 -12.00 -17.03 -18.68 \n",
      "-12.00 -15.38 -17.05 -17.03 \n",
      "-17.03 -17.05 -15.38 -12.00 \n",
      "-18.68 -17.03 -12.00   0.00 \n",
      "\n",
      "Iterate No.35\n",
      "  0.00 -12.10 -17.19 -18.85 \n",
      "-12.10 -15.52 -17.21 -17.19 \n",
      "-17.19 -17.21 -15.52 -12.10 \n",
      "-18.85 -17.19 -12.10   0.00 \n",
      "\n",
      "Iterate No.36\n",
      "  0.00 -12.20 -17.34 -19.02 \n",
      "-12.20 -15.65 -17.36 -17.34 \n",
      "-17.34 -17.36 -15.65 -12.20 \n",
      "-19.02 -17.34 -12.20   0.00 \n",
      "\n",
      "Iterate No.37\n",
      "  0.00 -12.30 -17.48 -19.18 \n",
      "-12.30 -15.78 -17.50 -17.48 \n",
      "-17.48 -17.50 -15.78 -12.30 \n",
      "-19.18 -17.48 -12.30   0.00 \n",
      "\n",
      "Iterate No.38\n",
      "  0.00 -12.39 -17.61 -19.33 \n",
      "-12.39 -15.90 -17.63 -17.61 \n",
      "-17.61 -17.63 -15.90 -12.39 \n",
      "-19.33 -17.61 -12.39   0.00 \n",
      "\n",
      "Iterate No.39\n",
      "  0.00 -12.47 -17.74 -19.47 \n",
      "-12.47 -16.01 -17.76 -17.74 \n",
      "-17.74 -17.76 -16.01 -12.47 \n",
      "-19.47 -17.74 -12.47   0.00 \n",
      "\n",
      "Iterate No.40\n",
      "  0.00 -12.56 -17.86 -19.61 \n",
      "-12.56 -16.12 -17.87 -17.86 \n",
      "-17.86 -17.87 -16.12 -12.56 \n",
      "-19.61 -17.86 -12.56   0.00 \n",
      "\n",
      "Iterate No.41\n",
      "  0.00 -12.63 -17.97 -19.73 \n",
      "-12.63 -16.22 -17.99 -17.97 \n",
      "-17.97 -17.99 -16.22 -12.63 \n",
      "-19.73 -17.97 -12.63   0.00 \n",
      "\n",
      "Iterate No.42\n",
      "  0.00 -12.71 -18.08 -19.85 \n",
      "-12.71 -16.31 -18.09 -18.08 \n",
      "-18.08 -18.09 -16.31 -12.71 \n",
      "-19.85 -18.08 -12.71   0.00 \n",
      "\n",
      "Iterate No.43\n",
      "  0.00 -12.77 -18.18 -19.97 \n",
      "-12.77 -16.40 -18.20 -18.18 \n",
      "-18.18 -18.20 -16.40 -12.77 \n",
      "-19.97 -18.18 -12.77   0.00 \n",
      "\n",
      "Iterate No.44\n",
      "  0.00 -12.84 -18.28 -20.08 \n",
      "-12.84 -16.49 -18.29 -18.28 \n",
      "-18.28 -18.29 -16.49 -12.84 \n",
      "-20.08 -18.28 -12.84   0.00 \n",
      "\n",
      "Iterate No.45\n",
      "  0.00 -12.90 -18.37 -20.18 \n",
      "-12.90 -16.57 -18.38 -18.37 \n",
      "-18.37 -18.38 -16.57 -12.90 \n",
      "-20.18 -18.37 -12.90   0.00 \n",
      "\n",
      "Iterate No.46\n",
      "  0.00 -12.96 -18.46 -20.28 \n",
      "-12.96 -16.64 -18.47 -18.46 \n",
      "-18.46 -18.47 -16.64 -12.96 \n",
      "-20.28 -18.46 -12.96   0.00 \n",
      "\n",
      "Iterate No.47\n",
      "  0.00 -13.02 -18.54 -20.37 \n",
      "-13.02 -16.71 -18.55 -18.54 \n",
      "-18.54 -18.55 -16.71 -13.02 \n",
      "-20.37 -18.54 -13.02   0.00 \n",
      "\n",
      "Iterate No.48\n",
      "  0.00 -13.07 -18.62 -20.45 \n",
      "-13.07 -16.78 -18.63 -18.62 \n",
      "-18.62 -18.63 -16.78 -13.07 \n",
      "-20.45 -18.62 -13.07   0.00 \n",
      "\n",
      "Iterate No.49\n",
      "  0.00 -13.12 -18.69 -20.54 \n",
      "-13.12 -16.85 -18.70 -18.69 \n",
      "-18.69 -18.70 -16.85 -13.12 \n",
      "-20.54 -18.69 -13.12   0.00 \n",
      "\n",
      "Iterate No.50\n",
      "  0.00 -13.16 -18.76 -20.61 \n",
      "-13.16 -16.91 -18.77 -18.76 \n",
      "-18.76 -18.77 -16.91 -13.16 \n",
      "-20.61 -18.76 -13.16   0.00 \n",
      "\n",
      "Iterate No.51\n",
      "  0.00 -13.21 -18.83 -20.69 \n",
      "-13.21 -16.97 -18.84 -18.83 \n",
      "-18.83 -18.84 -16.97 -13.21 \n",
      "-20.69 -18.83 -13.21   0.00 \n",
      "\n",
      "Iterate No.52\n",
      "  0.00 -13.25 -18.89 -20.76 \n",
      "-13.25 -17.02 -18.90 -18.89 \n",
      "-18.89 -18.90 -17.02 -13.25 \n",
      "-20.76 -18.89 -13.25   0.00 \n",
      "\n",
      "Iterate No.53\n",
      "  0.00 -13.29 -18.95 -20.82 \n",
      "-13.29 -17.07 -18.96 -18.95 \n",
      "-18.95 -18.96 -17.07 -13.29 \n",
      "-20.82 -18.95 -13.29   0.00 \n",
      "\n",
      "Iterate No.54\n",
      "  0.00 -13.33 -19.00 -20.89 \n",
      "-13.33 -17.12 -19.01 -19.00 \n",
      "-19.00 -19.01 -17.12 -13.33 \n",
      "-20.89 -19.00 -13.33   0.00 \n",
      "\n",
      "Iterate No.55\n",
      "  0.00 -13.36 -19.06 -20.95 \n",
      "-13.36 -17.17 -19.06 -19.06 \n",
      "-19.06 -19.06 -17.17 -13.36 \n",
      "-20.95 -19.06 -13.36   0.00 \n",
      "\n",
      "Iterate No.56\n",
      "  0.00 -13.40 -19.11 -21.00 \n",
      "-13.40 -17.21 -19.11 -19.11 \n",
      "-19.11 -19.11 -17.21 -13.40 \n",
      "-21.00 -19.11 -13.40   0.00 \n",
      "\n",
      "Iterate No.57\n",
      "  0.00 -13.43 -19.16 -21.05 \n",
      "-13.43 -17.26 -19.16 -19.16 \n",
      "-19.16 -19.16 -17.26 -13.43 \n",
      "-21.05 -19.16 -13.43   0.00 \n",
      "\n",
      "Iterate No.58\n",
      "  0.00 -13.46 -19.20 -21.10 \n",
      "-13.46 -17.30 -19.21 -19.20 \n",
      "-19.20 -19.21 -17.30 -13.46 \n",
      "-21.10 -19.20 -13.46   0.00 \n",
      "\n",
      "Iterate No.59\n",
      "  0.00 -13.49 -19.24 -21.15 \n",
      "-13.49 -17.33 -19.25 -19.24 \n",
      "-19.24 -19.25 -17.33 -13.49 \n",
      "-21.15 -19.24 -13.49   0.00 \n",
      "\n",
      "Iterate No.60\n",
      "  0.00 -13.52 -19.28 -21.20 \n",
      "-13.52 -17.37 -19.29 -19.28 \n",
      "-19.28 -19.29 -17.37 -13.52 \n",
      "-21.20 -19.28 -13.52   0.00 \n",
      "\n",
      "Iterate No.61\n",
      "  0.00 -13.54 -19.32 -21.24 \n",
      "-13.54 -17.40 -19.33 -19.32 \n",
      "-19.32 -19.33 -17.40 -13.54 \n",
      "-21.24 -19.32 -13.54   0.00 \n",
      "\n",
      "Iterate No.62\n",
      "  0.00 -13.57 -19.36 -21.28 \n",
      "-13.57 -17.43 -19.36 -19.36 \n",
      "-19.36 -19.36 -17.43 -13.57 \n",
      "-21.28 -19.36 -13.57   0.00 \n",
      "\n",
      "Iterate No.63\n",
      "  0.00 -13.59 -19.39 -21.32 \n",
      "-13.59 -17.46 -19.40 -19.39 \n",
      "-19.39 -19.40 -17.46 -13.59 \n",
      "-21.32 -19.39 -13.59   0.00 \n",
      "\n",
      "Iterate No.64\n",
      "  0.00 -13.61 -19.42 -21.36 \n",
      "-13.61 -17.49 -19.43 -19.42 \n",
      "-19.42 -19.43 -17.49 -13.61 \n",
      "-21.36 -19.42 -13.61   0.00 \n",
      "\n",
      "Iterate No.65\n",
      "  0.00 -13.63 -19.45 -21.39 \n",
      "-13.63 -17.52 -19.46 -19.45 \n",
      "-19.45 -19.46 -17.52 -13.63 \n",
      "-21.39 -19.45 -13.63   0.00 \n",
      "\n",
      "Iterate No.66\n",
      "  0.00 -13.65 -19.48 -21.42 \n",
      "-13.65 -17.54 -19.49 -19.48 \n",
      "-19.48 -19.49 -17.54 -13.65 \n",
      "-21.42 -19.48 -13.65   0.00 \n",
      "\n",
      "Iterate No.67\n",
      "  0.00 -13.67 -19.51 -21.45 \n",
      "-13.67 -17.57 -19.51 -19.51 \n",
      "-19.51 -19.51 -17.57 -13.67 \n",
      "-21.45 -19.51 -13.67   0.00 \n",
      "\n",
      "Iterate No.68\n",
      "  0.00 -13.69 -19.54 -21.48 \n",
      "-13.69 -17.59 -19.54 -19.54 \n",
      "-19.54 -19.54 -17.59 -13.69 \n",
      "-21.48 -19.54 -13.69   0.00 \n",
      "\n",
      "Iterate No.69\n",
      "  0.00 -13.70 -19.56 -21.51 \n",
      "-13.70 -17.61 -19.56 -19.56 \n",
      "-19.56 -19.56 -17.61 -13.70 \n",
      "-21.51 -19.56 -13.70   0.00 \n",
      "\n",
      "Iterate No.70\n",
      "  0.00 -13.72 -19.58 -21.54 \n",
      "-13.72 -17.63 -19.59 -19.58 \n",
      "-19.58 -19.59 -17.63 -13.72 \n",
      "-21.54 -19.58 -13.72   0.00 \n",
      "\n",
      "Iterate No.71\n",
      "  0.00 -13.73 -19.61 -21.56 \n",
      "-13.73 -17.65 -19.61 -19.61 \n",
      "-19.61 -19.61 -17.65 -13.73 \n",
      "-21.56 -19.61 -13.73   0.00 \n",
      "\n",
      "Iterate No.72\n",
      "  0.00 -13.75 -19.63 -21.58 \n",
      "-13.75 -17.67 -19.63 -19.63 \n",
      "-19.63 -19.63 -17.67 -13.75 \n",
      "-21.58 -19.63 -13.75   0.00 \n",
      "\n",
      "Iterate No.73\n",
      "  0.00 -13.76 -19.65 -21.61 \n",
      "-13.76 -17.69 -19.65 -19.65 \n",
      "-19.65 -19.65 -17.69 -13.76 \n",
      "-21.61 -19.65 -13.76   0.00 \n",
      "\n",
      "Iterate No.74\n",
      "  0.00 -13.77 -19.67 -21.63 \n",
      "-13.77 -17.71 -19.67 -19.67 \n",
      "-19.67 -19.67 -17.71 -13.77 \n",
      "-21.63 -19.67 -13.77   0.00 \n",
      "\n",
      "Iterate No.75\n",
      "  0.00 -13.79 -19.68 -21.65 \n",
      "-13.79 -17.72 -19.69 -19.68 \n",
      "-19.68 -19.69 -17.72 -13.79 \n",
      "-21.65 -19.68 -13.79   0.00 \n",
      "\n",
      "Iterate No.76\n",
      "  0.00 -13.80 -19.70 -21.67 \n",
      "-13.80 -17.74 -19.70 -19.70 \n",
      "-19.70 -19.70 -17.74 -13.80 \n",
      "-21.67 -19.70 -13.80   0.00 \n",
      "\n",
      "Iterate No.77\n",
      "  0.00 -13.81 -19.72 -21.68 \n",
      "-13.81 -17.75 -19.72 -19.72 \n",
      "-19.72 -19.72 -17.75 -13.81 \n",
      "-21.68 -19.72 -13.81   0.00 \n",
      "\n",
      "Iterate No.78\n",
      "  0.00 -13.82 -19.73 -21.70 \n",
      "-13.82 -17.76 -19.73 -19.73 \n",
      "-19.73 -19.73 -17.76 -13.82 \n",
      "-21.70 -19.73 -13.82   0.00 \n",
      "\n",
      "Iterate No.79\n",
      "  0.00 -13.83 -19.75 -21.72 \n",
      "-13.83 -17.78 -19.75 -19.75 \n",
      "-19.75 -19.75 -17.78 -13.83 \n",
      "-21.72 -19.75 -13.83   0.00 \n",
      "\n",
      "Iterate No.80\n",
      "  0.00 -13.84 -19.76 -21.73 \n",
      "-13.84 -17.79 -19.76 -19.76 \n",
      "-19.76 -19.76 -17.79 -13.84 \n",
      "-21.73 -19.76 -13.84   0.00 \n",
      "\n",
      "Iterate No.81\n",
      "  0.00 -13.85 -19.77 -21.75 \n",
      "-13.85 -17.80 -19.77 -19.77 \n",
      "-19.77 -19.77 -17.80 -13.85 \n",
      "-21.75 -19.77 -13.85   0.00 \n",
      "\n",
      "Iterate No.82\n",
      "  0.00 -13.85 -19.78 -21.76 \n",
      "-13.85 -17.81 -19.79 -19.78 \n",
      "-19.78 -19.79 -17.81 -13.85 \n",
      "-21.76 -19.78 -13.85   0.00 \n",
      "\n",
      "Iterate No.83\n",
      "  0.00 -13.86 -19.80 -21.77 \n",
      "-13.86 -17.82 -19.80 -19.80 \n",
      "-19.80 -19.80 -17.82 -13.86 \n",
      "-21.77 -19.80 -13.86   0.00 \n",
      "\n",
      "Iterate No.84\n",
      "  0.00 -13.87 -19.81 -21.78 \n",
      "-13.87 -17.83 -19.81 -19.81 \n",
      "-19.81 -19.81 -17.83 -13.87 \n",
      "-21.78 -19.81 -13.87   0.00 \n",
      "\n",
      "Iterate No.85\n",
      "  0.00 -13.88 -19.82 -21.80 \n",
      "-13.88 -17.84 -19.82 -19.82 \n",
      "-19.82 -19.82 -17.84 -13.88 \n",
      "-21.80 -19.82 -13.88   0.00 \n",
      "\n",
      "Iterate No.86\n",
      "  0.00 -13.88 -19.83 -21.81 \n",
      "-13.88 -17.85 -19.83 -19.83 \n",
      "-19.83 -19.83 -17.85 -13.88 \n",
      "-21.81 -19.83 -13.88   0.00 \n",
      "\n",
      "Iterate No.87\n",
      "  0.00 -13.89 -19.84 -21.82 \n",
      "-13.89 -17.86 -19.84 -19.84 \n",
      "-19.84 -19.84 -17.86 -13.89 \n",
      "-21.82 -19.84 -13.89   0.00 \n",
      "\n",
      "Iterate No.88\n",
      "  0.00 -13.90 -19.84 -21.83 \n",
      "-13.90 -17.86 -19.85 -19.84 \n",
      "-19.84 -19.85 -17.86 -13.90 \n",
      "-21.83 -19.84 -13.90   0.00 \n",
      "\n",
      "Iterate No.89\n",
      "  0.00 -13.90 -19.85 -21.84 \n",
      "-13.90 -17.87 -19.85 -19.85 \n",
      "-19.85 -19.85 -17.87 -13.90 \n",
      "-21.84 -19.85 -13.90   0.00 \n",
      "\n",
      "Iterate No.90\n",
      "  0.00 -13.91 -19.86 -21.84 \n",
      "-13.91 -17.88 -19.86 -19.86 \n",
      "-19.86 -19.86 -17.88 -13.91 \n",
      "-21.84 -19.86 -13.91   0.00 \n",
      "\n",
      "Iterate No.91\n",
      "  0.00 -13.91 -19.87 -21.85 \n",
      "-13.91 -17.88 -19.87 -19.87 \n",
      "-19.87 -19.87 -17.88 -13.91 \n",
      "-21.85 -19.87 -13.91   0.00 \n",
      "\n",
      "Iterate No.92\n",
      "  0.00 -13.92 -19.88 -21.86 \n",
      "-13.92 -17.89 -19.88 -19.88 \n",
      "-19.88 -19.88 -17.89 -13.92 \n",
      "-21.86 -19.88 -13.92   0.00 \n",
      "\n",
      "Iterate No.93\n",
      "  0.00 -13.92 -19.88 -21.87 \n",
      "-13.92 -17.90 -19.88 -19.88 \n",
      "-19.88 -19.88 -17.90 -13.92 \n",
      "-21.87 -19.88 -13.92   0.00 \n",
      "\n",
      "Iterate No.94\n",
      "  0.00 -13.92 -19.89 -21.87 \n",
      "-13.92 -17.90 -19.89 -19.89 \n",
      "-19.89 -19.89 -17.90 -13.92 \n",
      "-21.87 -19.89 -13.92   0.00 \n",
      "\n",
      "Iterate No.95\n",
      "  0.00 -13.93 -19.89 -21.88 \n",
      "-13.93 -17.91 -19.89 -19.89 \n",
      "-19.89 -19.89 -17.91 -13.93 \n",
      "-21.88 -19.89 -13.93   0.00 \n",
      "\n",
      "Iterate No.96\n",
      "  0.00 -13.93 -19.90 -21.89 \n",
      "-13.93 -17.91 -19.90 -19.90 \n",
      "-19.90 -19.90 -17.91 -13.93 \n",
      "-21.89 -19.90 -13.93   0.00 \n",
      "\n",
      "Iterate No.97\n",
      "  0.00 -13.94 -19.91 -21.89 \n",
      "-13.94 -17.92 -19.91 -19.91 \n",
      "-19.91 -19.91 -17.92 -13.94 \n",
      "-21.89 -19.91 -13.94   0.00 \n",
      "\n",
      "Iterate No.98\n",
      "  0.00 -13.94 -19.91 -21.90 \n",
      "-13.94 -17.92 -19.91 -19.91 \n",
      "-19.91 -19.91 -17.92 -13.94 \n",
      "-21.90 -19.91 -13.94   0.00 \n",
      "\n",
      "Iterate No.99\n",
      "  0.00 -13.94 -19.91 -21.90 \n",
      "-13.94 -17.93 -19.92 -19.91 \n",
      "-19.91 -19.92 -17.93 -13.94 \n",
      "-21.90 -19.91 -13.94   0.00 \n",
      "\n",
      "Iterate No.100\n",
      "  0.00 -13.95 -19.92 -21.91 \n",
      "-13.95 -17.93 -19.92 -19.92 \n",
      "-19.92 -19.92 -17.93 -13.95 \n",
      "-21.91 -19.92 -13.95   0.00 \n",
      "\n",
      "Iterate No.101\n",
      "  0.00 -13.95 -19.92 -21.91 \n",
      "-13.95 -17.93 -19.92 -19.92 \n",
      "-19.92 -19.92 -17.93 -13.95 \n",
      "-21.91 -19.92 -13.95   0.00 \n",
      "\n",
      "Iterate No.102\n",
      "  0.00 -13.95 -19.93 -21.92 \n",
      "-13.95 -17.94 -19.93 -19.93 \n",
      "-19.93 -19.93 -17.94 -13.95 \n",
      "-21.92 -19.93 -13.95   0.00 \n",
      "\n",
      "Iterate No.103\n",
      "  0.00 -13.95 -19.93 -21.92 \n",
      "-13.95 -17.94 -19.93 -19.93 \n",
      "-19.93 -19.93 -17.94 -13.95 \n",
      "-21.92 -19.93 -13.95   0.00 \n",
      "\n",
      "Iterate No.104\n",
      "  0.00 -13.96 -19.94 -21.93 \n",
      "-13.96 -17.94 -19.94 -19.94 \n",
      "-19.94 -19.94 -17.94 -13.96 \n",
      "-21.93 -19.94 -13.96   0.00 \n",
      "\n",
      "Iterate No.105\n",
      "  0.00 -13.96 -19.94 -21.93 \n",
      "-13.96 -17.95 -19.94 -19.94 \n",
      "-19.94 -19.94 -17.95 -13.96 \n",
      "-21.93 -19.94 -13.96   0.00 \n",
      "\n",
      "Iterate No.106\n",
      "  0.00 -13.96 -19.94 -21.94 \n",
      "-13.96 -17.95 -19.94 -19.94 \n",
      "-19.94 -19.94 -17.95 -13.96 \n",
      "-21.94 -19.94 -13.96   0.00 \n",
      "\n",
      "Iterate No.107\n",
      "  0.00 -13.96 -19.95 -21.94 \n",
      "-13.96 -17.95 -19.95 -19.95 \n",
      "-19.95 -19.95 -17.95 -13.96 \n",
      "-21.94 -19.95 -13.96   0.00 \n",
      "\n",
      "Iterate No.108\n",
      "  0.00 -13.96 -19.95 -21.94 \n",
      "-13.96 -17.95 -19.95 -19.95 \n",
      "-19.95 -19.95 -17.95 -13.96 \n",
      "-21.94 -19.95 -13.96   0.00 \n",
      "\n",
      "Iterate No.109\n",
      "  0.00 -13.97 -19.95 -21.94 \n",
      "-13.97 -17.96 -19.95 -19.95 \n",
      "-19.95 -19.95 -17.96 -13.97 \n",
      "-21.94 -19.95 -13.97   0.00 \n",
      "\n",
      "Iterate No.110\n",
      "  0.00 -13.97 -19.95 -21.95 \n",
      "-13.97 -17.96 -19.95 -19.95 \n",
      "-19.95 -19.95 -17.96 -13.97 \n",
      "-21.95 -19.95 -13.97   0.00 \n",
      "\n",
      "Iterate No.111\n",
      "  0.00 -13.97 -19.96 -21.95 \n",
      "-13.97 -17.96 -19.96 -19.96 \n",
      "-19.96 -19.96 -17.96 -13.97 \n",
      "-21.95 -19.96 -13.97   0.00 \n",
      "\n",
      "Iterate No.112\n",
      "  0.00 -13.97 -19.96 -21.95 \n",
      "-13.97 -17.96 -19.96 -19.96 \n",
      "-19.96 -19.96 -17.96 -13.97 \n",
      "-21.95 -19.96 -13.97   0.00 \n",
      "\n",
      "Iterate No.113\n",
      "  0.00 -13.97 -19.96 -21.96 \n",
      "-13.97 -17.97 -19.96 -19.96 \n",
      "-19.96 -19.96 -17.97 -13.97 \n",
      "-21.96 -19.96 -13.97   0.00 \n",
      "\n",
      "Iterate No.114\n",
      "  0.00 -13.97 -19.96 -21.96 \n",
      "-13.97 -17.97 -19.96 -19.96 \n",
      "-19.96 -19.96 -17.97 -13.97 \n",
      "-21.96 -19.96 -13.97   0.00 \n",
      "\n",
      "Iterate No.115\n",
      "  0.00 -13.98 -19.96 -21.96 \n",
      "-13.98 -17.97 -19.96 -19.96 \n",
      "-19.96 -19.96 -17.97 -13.98 \n",
      "-21.96 -19.96 -13.98   0.00 \n",
      "\n",
      "Iterate No.116\n",
      "  0.00 -13.98 -19.97 -21.96 \n",
      "-13.98 -17.97 -19.97 -19.97 \n",
      "-19.97 -19.97 -17.97 -13.98 \n",
      "-21.96 -19.97 -13.98   0.00 \n",
      "\n",
      "Iterate No.117\n",
      "  0.00 -13.98 -19.97 -21.96 \n",
      "-13.98 -17.97 -19.97 -19.97 \n",
      "-19.97 -19.97 -17.97 -13.98 \n",
      "-21.96 -19.97 -13.98   0.00 \n",
      "\n",
      "Iterate No.118\n",
      "  0.00 -13.98 -19.97 -21.97 \n",
      "-13.98 -17.97 -19.97 -19.97 \n",
      "-19.97 -19.97 -17.97 -13.98 \n",
      "-21.97 -19.97 -13.98   0.00 \n",
      "\n",
      "Iterate No.119\n",
      "  0.00 -13.98 -19.97 -21.97 \n",
      "-13.98 -17.97 -19.97 -19.97 \n",
      "-19.97 -19.97 -17.97 -13.98 \n",
      "-21.97 -19.97 -13.98   0.00 \n",
      "\n",
      "Iterate No.120\n",
      "  0.00 -13.98 -19.97 -21.97 \n",
      "-13.98 -17.98 -19.97 -19.97 \n",
      "-19.97 -19.97 -17.98 -13.98 \n",
      "-21.97 -19.97 -13.98   0.00 \n",
      "\n",
      "Iterate No.121\n",
      "  0.00 -13.98 -19.97 -21.97 \n",
      "-13.98 -17.98 -19.97 -19.97 \n",
      "-19.97 -19.97 -17.98 -13.98 \n",
      "-21.97 -19.97 -13.98   0.00 \n",
      "\n",
      "Iterate No.122\n",
      "  0.00 -13.98 -19.98 -21.97 \n",
      "-13.98 -17.98 -19.98 -19.98 \n",
      "-19.98 -19.98 -17.98 -13.98 \n",
      "-21.97 -19.98 -13.98   0.00 \n",
      "\n",
      "Iterate No.123\n",
      "  0.00 -13.98 -19.98 -21.97 \n",
      "-13.98 -17.98 -19.98 -19.98 \n",
      "-19.98 -19.98 -17.98 -13.98 \n",
      "-21.97 -19.98 -13.98   0.00 \n",
      "\n",
      "Iterate No.124\n",
      "  0.00 -13.99 -19.98 -21.98 \n",
      "-13.99 -17.98 -19.98 -19.98 \n",
      "-19.98 -19.98 -17.98 -13.99 \n",
      "-21.98 -19.98 -13.99   0.00 \n",
      "\n",
      "Iterate No.125\n",
      "  0.00 -13.99 -19.98 -21.98 \n",
      "-13.99 -17.98 -19.98 -19.98 \n",
      "-19.98 -19.98 -17.98 -13.99 \n",
      "-21.98 -19.98 -13.99   0.00 \n",
      "\n",
      "Iterate No.126\n",
      "  0.00 -13.99 -19.98 -21.98 \n",
      "-13.99 -17.98 -19.98 -19.98 \n",
      "-19.98 -19.98 -17.98 -13.99 \n",
      "-21.98 -19.98 -13.99   0.00 \n",
      "\n",
      "Iterate No.127\n",
      "  0.00 -13.99 -19.98 -21.98 \n",
      "-13.99 -17.98 -19.98 -19.98 \n",
      "-19.98 -19.98 -17.98 -13.99 \n",
      "-21.98 -19.98 -13.99   0.00 \n",
      "\n",
      "Iterate No.128\n",
      "  0.00 -13.99 -19.98 -21.98 \n",
      "-13.99 -17.98 -19.98 -19.98 \n",
      "-19.98 -19.98 -17.98 -13.99 \n",
      "-21.98 -19.98 -13.99   0.00 \n",
      "\n",
      "Iterate No.129\n",
      "  0.00 -13.99 -19.98 -21.98 \n",
      "-13.99 -17.99 -19.98 -19.98 \n",
      "-19.98 -19.98 -17.99 -13.99 \n",
      "-21.98 -19.98 -13.99   0.00 \n",
      "\n",
      "Iterate No.130\n",
      "  0.00 -13.99 -19.98 -21.98 \n",
      "-13.99 -17.99 -19.98 -19.98 \n",
      "-19.98 -19.98 -17.99 -13.99 \n",
      "-21.98 -19.98 -13.99   0.00 \n",
      "\n",
      "Iterate No.131\n",
      "  0.00 -13.99 -19.99 -21.98 \n",
      "-13.99 -17.99 -19.99 -19.99 \n",
      "-19.99 -19.99 -17.99 -13.99 \n",
      "-21.98 -19.99 -13.99   0.00 \n",
      "\n",
      "Iterate No.132\n",
      "  0.00 -13.99 -19.99 -21.98 \n",
      "-13.99 -17.99 -19.99 -19.99 \n",
      "-19.99 -19.99 -17.99 -13.99 \n",
      "-21.98 -19.99 -13.99   0.00 \n",
      "\n",
      "Iterate No.133\n",
      "  0.00 -13.99 -19.99 -21.99 \n",
      "-13.99 -17.99 -19.99 -19.99 \n",
      "-19.99 -19.99 -17.99 -13.99 \n",
      "-21.99 -19.99 -13.99   0.00 \n",
      "\n",
      "Iterate No.134\n",
      "  0.00 -13.99 -19.99 -21.99 \n",
      "-13.99 -17.99 -19.99 -19.99 \n",
      "-19.99 -19.99 -17.99 -13.99 \n",
      "-21.99 -19.99 -13.99   0.00 \n",
      "\n",
      "Iterate No.135\n",
      "  0.00 -13.99 -19.99 -21.99 \n",
      "-13.99 -17.99 -19.99 -19.99 \n",
      "-19.99 -19.99 -17.99 -13.99 \n",
      "-21.99 -19.99 -13.99   0.00 \n",
      "\n",
      "Iterate No.136\n",
      "  0.00 -13.99 -19.99 -21.99 \n",
      "-13.99 -17.99 -19.99 -19.99 \n",
      "-19.99 -19.99 -17.99 -13.99 \n",
      "-21.99 -19.99 -13.99   0.00 \n",
      "\n",
      "Iterate No.137\n",
      "  0.00 -13.99 -19.99 -21.99 \n",
      "-13.99 -17.99 -19.99 -19.99 \n",
      "-19.99 -19.99 -17.99 -13.99 \n",
      "-21.99 -19.99 -13.99   0.00 \n",
      "\n",
      "Iterate No.138\n",
      "  0.00 -13.99 -19.99 -21.99 \n",
      "-13.99 -17.99 -19.99 -19.99 \n",
      "-19.99 -19.99 -17.99 -13.99 \n",
      "-21.99 -19.99 -13.99   0.00 \n",
      "\n",
      "Iterate No.139\n",
      "  0.00 -13.99 -19.99 -21.99 \n",
      "-13.99 -17.99 -19.99 -19.99 \n",
      "-19.99 -19.99 -17.99 -13.99 \n",
      "-21.99 -19.99 -13.99   0.00 \n",
      "\n",
      "Iterate No.140\n",
      "  0.00 -13.99 -19.99 -21.99 \n",
      "-13.99 -17.99 -19.99 -19.99 \n",
      "-19.99 -19.99 -17.99 -13.99 \n",
      "-21.99 -19.99 -13.99   0.00 \n",
      "\n",
      "Iterate No.141\n",
      "  0.00 -13.99 -19.99 -21.99 \n",
      "-13.99 -17.99 -19.99 -19.99 \n",
      "-19.99 -19.99 -17.99 -13.99 \n",
      "-21.99 -19.99 -13.99   0.00 \n",
      "\n",
      "Iterate No.142\n",
      "  0.00 -13.99 -19.99 -21.99 \n",
      "-13.99 -17.99 -19.99 -19.99 \n",
      "-19.99 -19.99 -17.99 -13.99 \n",
      "-21.99 -19.99 -13.99   0.00 \n",
      "\n",
      "Iterate No.143\n",
      "  0.00 -13.99 -19.99 -21.99 \n",
      "-13.99 -17.99 -19.99 -19.99 \n",
      "-19.99 -19.99 -17.99 -13.99 \n",
      "-21.99 -19.99 -13.99   0.00 \n",
      "\n",
      "Iterate No.144\n",
      "  0.00 -14.00 -19.99 -21.99 \n",
      "-14.00 -17.99 -19.99 -19.99 \n",
      "-19.99 -19.99 -17.99 -14.00 \n",
      "-21.99 -19.99 -14.00   0.00 \n",
      "\n",
      "Iterate No.145\n",
      "  0.00 -14.00 -19.99 -21.99 \n",
      "-14.00 -17.99 -19.99 -19.99 \n",
      "-19.99 -19.99 -17.99 -14.00 \n",
      "-21.99 -19.99 -14.00   0.00 \n",
      "\n",
      "Iterate No.146\n",
      "  0.00 -14.00 -19.99 -21.99 \n",
      "-14.00 -17.99 -19.99 -19.99 \n",
      "-19.99 -19.99 -17.99 -14.00 \n",
      "-21.99 -19.99 -14.00   0.00 \n",
      "\n",
      "Iterate No.147\n",
      "  0.00 -14.00 -19.99 -21.99 \n",
      "-14.00 -17.99 -19.99 -19.99 \n",
      "-19.99 -19.99 -17.99 -14.00 \n",
      "-21.99 -19.99 -14.00   0.00 \n",
      "\n",
      "Iterate No.148\n",
      "  0.00 -14.00 -19.99 -21.99 \n",
      "-14.00 -17.99 -19.99 -19.99 \n",
      "-19.99 -19.99 -17.99 -14.00 \n",
      "-21.99 -19.99 -14.00   0.00 \n",
      "\n",
      "Iterate No.149\n",
      "  0.00 -14.00 -19.99 -21.99 \n",
      "-14.00 -18.00 -19.99 -19.99 \n",
      "-19.99 -19.99 -18.00 -14.00 \n",
      "-21.99 -19.99 -14.00   0.00 \n",
      "\n",
      "Iterate No.150\n",
      "  0.00 -14.00 -19.99 -21.99 \n",
      "-14.00 -18.00 -19.99 -19.99 \n",
      "-19.99 -19.99 -18.00 -14.00 \n",
      "-21.99 -19.99 -14.00   0.00 \n",
      "\n",
      "Iterate No.151\n",
      "  0.00 -14.00 -20.00 -21.99 \n",
      "-14.00 -18.00 -20.00 -20.00 \n",
      "-20.00 -20.00 -18.00 -14.00 \n",
      "-21.99 -20.00 -14.00   0.00 \n",
      "\n",
      "Iterate No.152\n",
      "  0.00 -14.00 -20.00 -21.99 \n",
      "-14.00 -18.00 -20.00 -20.00 \n",
      "-20.00 -20.00 -18.00 -14.00 \n",
      "-21.99 -20.00 -14.00   0.00 \n",
      "\n",
      "Iterate No.153\n",
      "  0.00 -14.00 -20.00 -22.00 \n",
      "-14.00 -18.00 -20.00 -20.00 \n",
      "-20.00 -20.00 -18.00 -14.00 \n",
      "-22.00 -20.00 -14.00   0.00 \n",
      "\n",
      "Iterate No.154\n",
      "  0.00 -14.00 -20.00 -22.00 \n",
      "-14.00 -18.00 -20.00 -20.00 \n",
      "-20.00 -20.00 -18.00 -14.00 \n",
      "-22.00 -20.00 -14.00   0.00 \n",
      "\n",
      "Iterate No.155\n",
      "  0.00 -14.00 -20.00 -22.00 \n",
      "-14.00 -18.00 -20.00 -20.00 \n",
      "-20.00 -20.00 -18.00 -14.00 \n",
      "-22.00 -20.00 -14.00   0.00 \n",
      "\n",
      "Iterate No.156\n",
      "  0.00 -14.00 -20.00 -22.00 \n",
      "-14.00 -18.00 -20.00 -20.00 \n",
      "-20.00 -20.00 -18.00 -14.00 \n",
      "-22.00 -20.00 -14.00   0.00 \n",
      "\n",
      "Iterate No.157\n",
      "  0.00 -14.00 -20.00 -22.00 \n",
      "-14.00 -18.00 -20.00 -20.00 \n",
      "-20.00 -20.00 -18.00 -14.00 \n",
      "-22.00 -20.00 -14.00   0.00 \n",
      "\n",
      "Iterate No.158\n",
      "  0.00 -14.00 -20.00 -22.00 \n",
      "-14.00 -18.00 -20.00 -20.00 \n",
      "-20.00 -20.00 -18.00 -14.00 \n",
      "-22.00 -20.00 -14.00   0.00 \n",
      "\n",
      "Iterate No.159\n",
      "  0.00 -14.00 -20.00 -22.00 \n",
      "-14.00 -18.00 -20.00 -20.00 \n",
      "-20.00 -20.00 -18.00 -14.00 \n",
      "-22.00 -20.00 -14.00   0.00 \n",
      "\n",
      "Iterate No.160\n",
      "  0.00 -14.00 -20.00 -22.00 \n",
      "-14.00 -18.00 -20.00 -20.00 \n",
      "-20.00 -20.00 -18.00 -14.00 \n",
      "-22.00 -20.00 -14.00   0.00 \n",
      "\n",
      "  0.00 -14.00 -20.00 -22.00 \n",
      "-14.00 -18.00 -20.00 -20.00 \n",
      "-20.00 -20.00 -18.00 -14.00 \n",
      "-22.00 -20.00 -14.00   0.00 \n",
      "\n"
     ]
    }
   ],
   "source": [
    "max_iterate_times = 160\r\n",
    "cur_iterate_times = 0\r\n",
    "\r\n",
    "while cur_iterate_times <= max_iterate_times:\r\n",
    "    print(\"Iterate No.{0}\".format(cur_iterate_times))\r\n",
    "    performOneIteration()\r\n",
    "    cur_iterate_times += 1\r\n",
    "    \r\n",
    "printValue(values)"
   ]
  }
 ],
 "metadata": {
  "kernelspec": {
   "display_name": "Python 3",
   "language": "python",
   "name": "py35-paddle1.2.0"
  },
  "language_info": {
   "codemirror_mode": {
    "name": "ipython",
    "version": 3
   },
   "file_extension": ".py",
   "mimetype": "text/x-python",
   "name": "python",
